x	y
253.258	0.0584621
254.073	0.0595154
254.887	0.0600421
255.702	0.0610955
256.516	0.0610955
257.331	0.0626756
258.145	0.0637289
258.96	0.065309
259.774	0.066889
260.589	0.0679424
261.404	0.0689958
262.218	0.0711025
263.033	0.0732093
263.847	0.075316
264.662	0.0774228
265.476	0.0805829
266.291	0.083743
267.105	0.0863764
267.92	0.0895365
268.734	0.0921699
269.549	0.0963834
270.363	0.101124
271.178	0.104284
271.992	0.109024
272.807	0.114817
273.622	0.119558
274.436	0.125878
275.251	0.130091
276.065	0.136412
276.88	0.142732
277.694	0.148525
278.509	0.156952
279.323	0.162746
280.138	0.170119
280.952	0.177493
281.767	0.183813
282.581	0.190133
283.396	0.192767
284.211	0.211201
285.025	0.215414
285.84	0.222788
286.654	0.234375
287.469	0.240169
288.283	0.248069
289.098	0.258076
289.912	0.263869
290.727	0.27651
291.541	0.280723
292.356	0.288097
293.17	0.298631
293.985	0.304424
294.799	0.317065
295.614	0.320225
296.429	0.327598
297.243	0.336552
298.058	0.341819
298.872	0.352353
299.687	0.355513
301.316	0.370787
302.13	0.373947
302.945	0.383427
303.759	0.386587
304.574	0.390274
305.388	0.396594
306.203	0.398701
307.018	0.406074
307.832	0.407654
308.647	0.410288
309.461	0.414501
310.276	0.416081
311.09	0.418715
311.905	0.419768
312.719	0.420295
313.534	0.421348
314.348	0.422402
315.163	0.423455
315.977	0.423982
316.792	0.424508
317.607	0.424508
318.421	0.424508
319.236	0.424508
320.05	0.424508
320.865	0.424508
321.679	0.423982
322.494	0.423982
323.308	0.426088
324.123	0.427669
324.937	0.428195
325.752	0.431355
326.566	0.432409
327.381	0.435042
328.195	0.436622
329.01	0.438202
329.825	0.442942
330.639	0.445049
331.454	0.449789
332.268	0.453476
333.083	0.454529
333.897	0.46085
334.712	0.462956
335.526	0.46717
336.341	0.470857
337.155	0.472437
337.97	0.477177
338.784	0.479284
339.599	0.483497
340.414	0.486657
341.228	0.488237
342.043	0.491924
342.857	0.494031
343.672	0.495611
344.486	0.496664
345.301	0.497191
346.115	0.498244
346.93	0.502458
347.744	0.503511
348.559	0.504038
349.373	0.504565
350.188	0.505091
351.003	0.506145
351.817	0.506145
352.632	0.507198
353.446	0.507198
354.261	0.507725
355.075	0.507725
355.89	0.508251
356.704	0.509305
357.519	0.509305
358.333	0.509831
359.148	0.510358
359.962	0.510358
360.777	0.511412
361.591	0.511938
362.406	0.512992
363.221	0.514045
364.035	0.515098
364.85	0.516678
365.664	0.517732
366.479	0.519312
367.293	0.520892
368.108	0.522472
368.922	0.524052
369.737	0.526159
370.551	0.528792
371.366	0.531426
372.18	0.534059
372.995	0.536166
373.81	0.538272
374.624	0.540906
375.439	0.544066
376.253	0.546173
377.068	0.549333
377.882	0.551966
378.697	0.5546
379.511	0.558813
380.326	0.56092
381.14	0.563553
381.955	0.56724
382.769	0.569347
383.584	0.572507
384.398	0.575667
385.213	0.577774
386.028	0.580934
386.842	0.583041
387.657	0.586728
388.471	0.588308
389.286	0.590941
390.1	0.593574
390.915	0.596208
391.729	0.599368
392.544	0.600948
393.358	0.603055
394.173	0.605162
394.987	0.607268
395.802	0.610428
396.617	0.611482
397.431	0.613062
398.246	0.615169
399.06	0.616222
399.875	0.617802
400.689	0.619382
401.504	0.620962
402.318	0.622542
403.133	0.623069
403.947	0.624649
404.762	0.625176
405.576	0.625702
406.391	0.626756
407.206	0.627282
408.02	0.628336
408.835	0.628862
409.649	0.628862
410.464	0.629389
411.278	0.629389
412.093	0.629916
412.907	0.629916
413.722	0.629916
414.536	0.630442
415.351	0.629916
416.165	0.629916
416.98	0.629389
417.794	0.629389
418.609	0.629389
419.424	0.628862
420.238	0.628336
421.053	0.628336
421.867	0.628336
422.682	0.627282
423.496	0.627282
424.311	0.626229
425.125	0.626229
425.94	0.626229
426.754	0.625176
427.569	0.625176
428.383	0.624122
429.198	0.624122
430.013	0.623069
430.827	0.622015
431.642	0.622015
432.456	0.620962
433.271	0.620962
434.085	0.620962
434.9	0.619382
435.714	0.618855
436.529	0.617802
437.343	0.616749
438.158	0.616749
438.972	0.615695
439.787	0.615169
440.602	0.614115
441.416	0.613062
442.231	0.612535
443.045	0.610955
443.86	0.610428
444.674	0.609902
445.489	0.608848
446.303	0.607795
447.118	0.606742
447.932	0.605688
448.747	0.604635
449.561	0.603581
450.376	0.602528
451.19	0.601475
452.005	0.600948
452.82	0.599368
453.634	0.598841
454.449	0.597788
455.263	0.596735
456.078	0.595154
456.892	0.594101
457.707	0.593048
458.521	0.591994
459.336	0.590941
460.15	0.589361
460.965	0.588834
461.779	0.586728
462.594	0.585674
463.409	0.584094
464.223	0.583567
465.038	0.581987
465.852	0.580934
466.667	0.579881
467.481	0.578301
468.296	0.576721
469.11	0.575667
469.925	0.574614
470.739	0.573034
471.554	0.572507
472.368	0.569874
473.183	0.569347
473.997	0.567767
474.812	0.566713
475.627	0.565133
476.441	0.563027
477.256	0.5625
478.07	0.56092
478.885	0.55934
479.699	0.558287
480.514	0.556706
481.328	0.555126
482.143	0.554073
482.957	0.552493
483.772	0.55144
484.586	0.548806
485.401	0.548279
486.216	0.546699
487.03	0.545119
487.845	0.543539
488.659	0.541959
489.474	0.540906
490.288	0.539326
491.103	0.537746
491.917	0.536692
492.732	0.534586
493.546	0.533532
494.361	0.532479
495.175	0.530372
495.99	0.529319
496.805	0.527212
497.619	0.526159
498.434	0.525105
499.248	0.522999
500.063	0.521155
500.877	0.519312
501.692	0.518785
502.506	0.517205
503.321	0.515098
504.135	0.514572
504.95	0.511938
505.764	0.511412
506.579	0.510358
507.393	0.507198
508.208	0.506671
509.023	0.504038
509.837	0.503511
510.652	0.503511
511.466	0.498244
512.281	0.498244
513.095	0.496664
513.91	0.495611
514.724	0.495084
515.539	0.492451
516.353	0.492451
517.168	0.489291
517.982	0.489291
518.797	0.488237
519.612	0.485604
520.426	0.484551
521.241	0.481917
522.055	0.48139
522.87	0.480864
523.684	0.478757
524.499	0.477704
525.313	0.475597
526.128	0.474544
526.942	0.474017
527.757	0.471383
528.571	0.470857
529.386	0.46875
530.201	0.468223
531.015	0.466643
531.83	0.464537
532.644	0.46401
533.459	0.46243
534.273	0.461376
535.088	0.460323
535.902	0.458216
536.717	0.458216
537.531	0.45611
538.346	0.455056
539.16	0.454003
539.975	0.452949
540.789	0.451896
541.604	0.449789
542.419	0.449789
543.233	0.448736
544.048	0.447683
544.862	0.445576
545.677	0.444522
546.491	0.443469
547.306	0.442416
548.12	0.441889
548.935	0.440309
549.749	0.439256
550.564	0.438729
551.378	0.437676
552.193	0.437149
553.008	0.435569
553.822	0.434515
554.637	0.433989
555.451	0.433462
556.266	0.431882
557.08	0.431882
557.895	0.430302
558.709	0.429249
559.524	0.428722
560.338	0.428195
561.153	0.426615
561.967	0.426615
562.782	0.425035
563.596	0.424508
564.411	0.423455
565.226	0.422928
566.04	0.421875
566.855	0.421348
567.669	0.420822
568.484	0.419768
569.298	0.418715
570.113	0.418188
570.927	0.417662
571.742	0.416608
572.556	0.416081
573.371	0.415555
574.185	0.414501
575	0.413448
575.815	0.412921
576.629	0.412395
577.444	0.410815
578.258	0.410815
579.073	0.409761
579.887	0.408181
580.702	0.407654
581.516	0.407128
582.331	0.406074
583.145	0.405548
583.96	0.404494
584.774	0.403441
585.589	0.402388
586.404	0.402388
587.218	0.400808
588.033	0.400281
588.847	0.399228
589.662	0.397121
590.476	0.397121
591.291	0.396067
592.105	0.395014
592.92	0.393961
593.734	0.391854
594.549	0.391854
595.363	0.390801
596.178	0.389747
596.992	0.388694
597.807	0.386587
598.622	0.386587
599.436	0.385007
600.251	0.383603
601.065	0.382198
601.88	0.380794
602.694	0.37974
603.509	0.378687
604.323	0.37658
605.138	0.376053
605.952	0.373947
606.767	0.37342
607.581	0.372367
608.396	0.369733
609.211	0.369206
610.025	0.366046
610.84	0.36552
611.654	0.364993
612.469	0.362886
613.283	0.361833
614.098	0.359199
614.912	0.358673
615.727	0.357619
616.541	0.354459
617.356	0.354459
618.17	0.351299
618.985	0.350246
619.799	0.349192
620.614	0.347086
621.429	0.346032
622.243	0.343926
623.058	0.343399
623.872	0.342346
624.687	0.339712
625.501	0.338659
626.316	0.336552
627.13	0.335499
627.945	0.334972
628.759	0.332338
629.574	0.331285
630.388	0.329178
631.203	0.328125
632.018	0.327598
632.832	0.324965
633.647	0.324438
634.461	0.322331
635.276	0.321805
636.09	0.320751
636.905	0.319171
637.719	0.317591
638.534	0.316538
639.348	0.314958
640.163	0.313904
640.977	0.312851
641.792	0.311798
642.607	0.310218
643.421	0.308638
644.236	0.308638
645.05	0.306531
645.865	0.306531
646.679	0.304424
647.494	0.303371
648.308	0.303371
649.123	0.301264
649.937	0.301264
650.752	0.299157
651.566	0.298104
652.381	0.298104
653.195	0.295997
654.01	0.295471
654.825	0.29389
655.639	0.292837
656.454	0.29231
657.268	0.29073
658.083	0.29073
658.897	0.288624
659.712	0.28757
660.526	0.28757
661.341	0.28599
662.155	0.285463
662.97	0.28441
663.784	0.28283
664.599	0.282303
665.414	0.28125
666.228	0.280197
667.043	0.27967
667.857	0.278617
668.672	0.277037
669.486	0.277037
670.301	0.275456
671.115	0.27493
671.93	0.273876
672.744	0.27335
673.559	0.27177
674.373	0.271243
675.188	0.27019
676.003	0.269663
676.817	0.26861
677.632	0.267029
678.446	0.266503
679.261	0.265976
680.075	0.264923
680.89	0.264396
681.704	0.262816
682.519	0.261763
683.333	0.261236
684.148	0.260183
684.962	0.259129
685.777	0.258603
686.591	0.257549
687.406	0.256496
688.221	0.255969
689.035	0.254389
689.85	0.253862
690.664	0.252809
691.479	0.251756
692.293	0.250702
693.108	0.250176
693.922	0.249122
694.737	0.248069
695.551	0.247542
696.366	0.246489
697.18	0.245435
697.995	0.244382
698.81	0.243329
699.624	0.242275
701.253	0.240169
702.068	0.240169
702.882	0.238062
703.697	0.238062
704.511	0.237008
705.326	0.235428
706.14	0.234902
706.955	0.233322
707.769	0.232795
708.584	0.231742
709.398	0.230688
710.213	0.229635
711.028	0.228581
711.842	0.227528
712.657	0.227001
713.471	0.225421
714.286	0.224895
715.1	0.223315
715.915	0.222788
716.729	0.222261
717.544	0.220154
718.358	0.220154
719.173	0.218048
719.987	0.218048
720.802	0.216994
721.617	0.215414
722.431	0.214888
723.246	0.213308
724.06	0.212781
724.875	0.212254
725.689	0.210147
726.504	0.209621
727.318	0.208041
728.133	0.207514
728.947	0.207514
729.762	0.205407
730.576	0.204881
731.391	0.203301
732.206	0.202774
733.02	0.202774
733.835	0.201721
734.649	0.19856
735.464	0.198034
736.278	0.197507
737.093	0.19698
737.907	0.1954
738.722	0.194874
739.536	0.19382
740.351	0.192767
741.165	0.191713
741.98	0.191187
742.794	0.190133
743.609	0.188553
744.424	0.188027
745.238	0.186973
746.053	0.186447
746.867	0.185393
747.682	0.183287
748.496	0.183287
749.311	0.18276
750.125	0.18118
750.94	0.180653
751.754	0.179073
752.569	0.17802
753.383	0.17802
754.198	0.17644
755.013	0.175913
755.827	0.17486
756.642	0.173279
757.456	0.172753
758.271	0.172226
759.085	0.170646
759.9	0.170646
760.714	0.169066
761.529	0.168013
762.343	0.167486
763.158	0.166959
763.972	0.165379
764.787	0.165379
765.602	0.164326
766.416	0.162746
767.231	0.162219
768.045	0.161692
768.86	0.160112
769.674	0.160112
770.489	0.158532
771.303	0.157479
772.118	0.156952
772.932	0.156426
773.747	0.155372
774.561	0.154846
775.376	0.153265
776.19	0.152212
777.005	0.151685
777.82	0.151685
778.634	0.150105
779.449	0.149579
780.263	0.149052
781.078	0.147999
781.892	0.146419
782.707	0.146419
783.521	0.144838
784.336	0.144312
785.15	0.143785
785.965	0.142732
786.779	0.141678
787.594	0.141152
788.409	0.140625
789.223	0.139572
790.038	0.139045
790.852	0.138518
791.667	0.136938
792.481	0.136412
793.296	0.135885
794.11	0.134305
794.925	0.134305
795.739	0.133251
796.554	0.132198
797.368	0.131671
798.183	0.130618
798.997	0.130618
799.812	0.12974
800.627	0.128862
801.441	0.127985
802.256	0.126931
803.07	0.125878
803.885	0.125351
804.699	0.124824
805.514	0.124298
806.328	0.123244
807.143	0.122718
807.957	0.121664
808.772	0.120611
809.586	0.120611
810.401	0.119558
811.216	0.118504
812.03	0.117451
812.845	0.117451
813.659	0.116924
814.474	0.115344
815.288	0.115344
816.103	0.114291
816.917	0.113237
817.732	0.113237
818.546	0.112184
819.361	0.111657
820.175	0.110077
820.99	0.110077
821.805	0.109551
822.619	0.108497
823.434	0.107971
824.248	0.106917
825.063	0.106917
825.877	0.105864
826.692	0.10481
827.506	0.10481
828.321	0.10323
829.135	0.102704
829.95	0.102704
830.764	0.10165
831.579	0.10165
832.393	0.100597
833.208	0.0995435
834.023	0.0995435
834.837	0.0984902
835.652	0.0979635
836.466	0.0974368
837.281	0.0963834
838.095	0.0963834
838.91	0.0953301
839.724	0.0942767
840.539	0.0932233
841.353	0.0932233
842.168	0.0932233
842.982	0.0921699
843.797	0.0911166
844.612	0.0905899
845.426	0.0900632
846.241	0.0895365
847.055	0.0890098
847.87	0.0879565
848.684	0.0874298
849.499	0.0869031
850.313	0.0863764
851.128	0.0858497
851.942	0.0847963
852.757	0.0842697
853.571	0.083743
854.386	0.083743
855.201	0.0826896
856.015	0.0821629
856.83	0.0816362
857.644	0.0805829
858.459	0.0805829
859.273	0.0795295
860.088	0.0790028
860.902	0.0784761
861.717	0.0774228
862.531	0.0774228
863.346	0.0763694
864.16	0.0763694
864.975	0.0758427
865.789	0.075316
866.604	0.0742626
867.419	0.0732093
868.233	0.0732093
869.048	0.0726826
869.862	0.0721559
870.677	0.0716292
871.491	0.0711025
872.306	0.0705758
873.12	0.0700492
873.935	0.0689958
874.749	0.0684691
875.564	0.0679424
876.378	0.0674157
877.193	0.066889
878.008	0.0663624
878.822	0.0658357
879.637	0.065309
880.451	0.0647823
881.266	0.0637289
882.08	0.0637289
882.895	0.0626756
883.709	0.0626756
884.524	0.0616222
885.338	0.0616222
886.153	0.0610955
886.967	0.0605688
887.782	0.0600421
888.596	0.0589888
889.411	0.0584621
890.226	0.0579354
891.04	0.0574087
891.855	0.056882
892.669	0.0563553
893.484	0.0558287
894.298	0.055302
895.113	0.0547753
895.927	0.0547753
896.742	0.0531952
